0 353
1 245
2 84
3 85
4 136
5 162
6 31
7 26
8 51
9 170
10 43
11 105
12 26
13 235
14 638
15 25
16 70
17 86
18 333
19 338
20 50
21 136
22 646
23 26
24 106
25 361
26 46
27 28
28 49
29 104
30 89
31 30
32 35
33 70
34 180
35 55
36 124
37 32
38 182
39 96
40 29
41 29
42 35
43 60
44 31
45 48
46 33
47 86
48 102
49 25
50 121
51 31
52 32
53 225
54 207
55 157
56 1421
57 395
58 76
59 38
60 28
61 38
62 29
63 31
64 43
65 42
66 48
67 44
68 332
69 58
70 26
71 269
72 56
73 545
74 78
75 52
76 44
77 215
78 25
79 319
80 65
81 30
82 95
83 27
84 25
85 37
86 46
87 172
88 133
89 764
90 41
91 435
92 51
93 65
94 50
95 1361
96 79
97 403
98 594
99 117
100 333
101 171
102 27
103 30
104 78
105 119
106 34
107 57
108 25
109 95
110 60
111 358
112 44
113 73
114 187
115 27
116 32
117 40
118 27
119 44
120 29
121 82
122 579
123 117
124 78
125 25
126 36
127 77
128 1999
129 26
130 79
131 89
132 78
133 40
134 66
135 36
136 40
137 54
138 42
139 58
140 33
141 46
142 26
143 39
144 82
145 43
146 70
147 33
148 71
149 133
150 29
151 29
152 77
153 77
154 26
